0  4109
1  3960
2  3950
3  3930
4  3846
5  3757
6  3879
7  3853
8  3958
9  3755
10  3952
11  4043
12  3900
13  3752
14  3670
15  3692
16  3773
17  3938
18  3870
19  3966
20  3956
21  3923
22  3875
23  3919
24  3962
25  3952
26  3906
27  3856
28  3825
29  3860
30  3898
31  3991
32  3911
33  3985
34  3911
35  3945
36  3842
37  3963
38  3886
39  3889
40  3805
41  3840
42  3913
43  3959
44  3891
45  3889
46  3775
47  3944
48  3994
49  3884
50  3907
51  3943
52  3917
53  3942
54  3908
55  3901
56  3999
57  3953
58  3867
59  3902
60  3897
61  3807
62  3850
63  3851
64  3836
65  3782
66  3870
67  3830
68  4036
69  4052
70  3913
71  3951
72  3906
73  3843
74  3829
75  3723
76  3723
77  3787
78  3945
79  4009
80  4004
81  3859
82  3904
83  3804
84  3984
85  3947
86  3981
87  3790
88  3679
89  3895
90  3892
91  3991
92  3839
93  3922
94  3865
95  3897
96  3804
97  3732
98  4053
99  3766
100  3904
101  3805
102  3795
103  3743
104  3902
105  3805
106  3785
107  3755
108  3993
109  3795
110  3921
111  3841
112  3845
113  4010
114  3820
115  3973
116  3913
117  3904
118  3851
119  3940
120  3907
121  3814
122  3843
123  3943
124  3973
125  4071
126  3983
127  3877
128  3749
129  3888
130  3866
131  4120
132  3918
133  3940
134  3988
135  4047
136  3955
137  3869
138  3754
139  4188
140  3929
141  4007
142  3924
143  3874
144  4035
145  3870
146  3885
147  3827
148  3926
149  3836
150  3890
151  3845
152  3939
153  4049
154  3956
155  3939
156  3924
157  3736
158  3913
159  3787
160  3967
161  4046
162  3969
163  4030
164  3865
165  3953
166  3776
167  3913
168  4032
169  4018
170  3867
171  3899
172  3959
173  4063
174  3851
175  3869
176  3885
177  3990
178  3941
179  3989
180  3988
181  3937
182  3879
183  3925
184  4010
185  4003
186  3838
187  3990
188  3861
189  3868
190  3945
191  3976
192  3891
193  3740
194  3869
195  3860
196  4034
197  3797
198  4031
199  3838
200  4019
201  3801
202  3954
203  3823
204  3918
205  3814
206  3936
207  4006
208  3804
209  4018
210  3838
211  3859
212  3906
213  4034
214  4003
215  3875
216  3860
217  3940
218  3935
219  3950
220  4049
221  3931
222  3856
223  3928
224  3920
225  3973
226  3933
227  3969
228  4002
229  3996
230  3904
231  4019
232  4001
233  3899
234  3848
235  3896
236  3830
237  3933
238  3943
239  3903
240  3908
241  3859
242  3913
243  3950
244  3933
245  3970
246  3937
247  4043
248  3705
249  3832
250  3832
251  3950
252  4071
253  4012
254  3900
255  3924
Variance: 0.69298
Mean: 1.3156
Min value: 1
Max value: 17