0  3937
1  3918
2  3891
3  3885
4  3900
5  4029
6  3938
7  3940
8  3890
9  3908
10  3838
11  3873
12  3967
13  3849
14  3931
15  3907
16  3837
17  3898
18  3836
19  3880
20  3881
21  3847
22  3858
23  3839
24  4018
25  3879
26  3959
27  3796
28  3852
29  3973
30  3942
31  3876
32  3919
33  3940
34  3884
35  3886
36  3919
37  3811
38  3867
39  3952
40  4024
41  3882
42  3880
43  3924
44  3989
45  3951
46  3819
47  3922
48  4011
49  3861
50  3981
51  3874
52  3798
53  3858
54  3827
55  3888
56  3861
57  3812
58  3875
59  4020
60  3855
61  3870
62  3963
63  3960
64  3813
65  3917
66  3941
67  3858
68  3890
69  3971
70  3812
71  3921
72  3978
73  4005
74  3915
75  4003
76  3890
77  3919
78  3887
79  3964
80  4023
81  3872
82  4012
83  3950
84  3909
85  3908
86  3858
87  3901
88  3962
89  3854
90  3948
91  3890
92  3957
93  3851
94  3945
95  3941
96  3882
97  3938
98  3910
99  3996
100  3863
101  3973
102  3929
103  3938
104  3935
105  3870
106  3900
107  3972
108  3955
109  3860
110  3858
111  3915
112  4011
113  3906
114  4039
115  3818
116  3942
117  3851
118  3918
119  3911
120  3931
121  3954
122  3922
123  3878
124  3996
125  3876
126  3891
127  3816
128  3919
129  3895
130  3930
131  3884
132  3907
133  3976
134  3851
135  3843
136  3915
137  3927
138  3821
139  3916
140  4041
141  3942
142  3905
143  3895
144  3905
145  3836
146  3795
147  3864
148  3962
149  4022
150  3939
151  3973
152  4049
153  4019
154  3929
155  3819
156  3872
157  3979
158  3917
159  3873
160  3883
161  3958
162  3816
163  3844
164  3847
165  3928
166  3882
167  4017
168  3958
169  3919
170  3789
171  3908
172  3941
173  3850
174  3875
175  3977
176  3870
177  3837
178  3780
179  3948
180  3929
181  3870
182  3895
183  3958
184  3919
185  3943
186  3886
187  3832
188  3992
189  3966
190  3963
191  4032
192  3932
193  3795
194  3840
195  3896
196  4032
197  3745
198  3949
199  3806
200  3780
201  3861
202  3922
203  3879
204  3768
205  3873
206  3863
207  3962
208  3809
209  3900
210  3791
211  3917
212  3785
213  3914
214  3925
215  3921
216  3892
217  4042
218  3884
219  3879
220  3963
221  3804
222  3866
223  3964
224  3879
225  3875
226  3879
227  3849
228  3884
229  3976
230  3969
231  4094
232  3870
233  3886
234  3912
235  3798
236  3816
237  3928
238  3877
239  3812
240  3904
241  3897
242  4003
243  4031
244  3917
245  3853
246  3847
247  3922
248  3958
249  3920
250  3989
251  3940
252  3825
253  3905
254  3950
255  3870
Variance: 0.00034
Mean: 1.0003
Min value: 1
Max value: 2
