0  3893
1  3908
2  3840
3  3787
4  3877
5  3833
6  3904
7  3983
8  3798
9  4009
10  3891
11  3879
12  4066
13  3991
14  3840
15  3950
16  3933
17  3877
18  3834
19  3966
20  3979
21  3925
22  3854
23  3911
24  3949
25  3956
26  3852
27  3842
28  3911
29  3880
30  4049
31  3795
32  3879
33  3820
34  3953
35  3899
36  3823
37  3789
38  3789
39  3904
40  3945
41  3998
42  3844
43  3854
44  4035
45  3942
46  3941
47  3903
48  4076
49  3893
50  3840
51  3959
52  3950
53  3938
54  4023
55  3886
56  3772
57  3858
58  3881
59  3893
60  3848
61  3908
62  3912
63  3845
64  3868
65  3954
66  3924
67  3884
68  3960
69  3845
70  3909
71  3897
72  3965
73  3890
74  4014
75  3855
76  4005
77  3986
78  3856
79  4004
80  3949
81  3862
82  3881
83  3971
84  3876
85  3843
86  3914
87  3898
88  3870
89  3876
90  3863
91  4003
92  3821
93  3948
94  4028
95  3916
96  3863
97  3884
98  3820
99  4006
100  4010
101  3823
102  3817
103  4069
104  4008
105  3846
106  3867
107  3914
108  3838
109  3935
110  3912
111  3881
112  3847
113  3942
114  3856
115  3963
116  3961
117  3819
118  4009
119  3776
120  3962
121  3880
122  3941
123  3999
124  3901
125  3859
126  3984
127  3851
128  4024
129  3894
130  3942
131  3889
132  3902
133  3823
134  3913
135  3879
136  3816
137  3932
138  3815
139  3960
140  3896
141  3936
142  3859
143  3908
144  3845
145  3840
146  3873
147  3856
148  3945
149  3878
150  3928
151  3888
152  3914
153  4003
154  3988
155  3974
156  3816
157  3938
158  3822
159  3858
160  3938
161  3997
162  3926
163  3826
164  3919
165  3773
166  3992
167  3847
168  4039
169  3913
170  3960
171  3889
172  3916
173  3889
174  3920
175  3842
176  3898
177  3852
178  3932
179  3967
180  3832
181  3882
182  3843
183  3826
184  3905
185  3900
186  3916
187  3925
188  3785
189  3977
190  3942
191  3885
192  4015
193  4007
194  3857
195  3895
196  4036
197  3914
198  3899
199  3923
200  3890
201  3897
202  3915
203  3857
204  3818
205  3893
206  3924
207  3920
208  3936
209  4006
210  3905
211  3900
212  3879
213  3947
214  3797
215  3935
216  3869
217  3780
218  3864
219  3963
220  3977
221  3920
222  3884
223  3874
224  3854
225  3916
226  3962
227  3925
228  3934
229  3970
230  3853
231  3835
232  3959
233  3891
234  3803
235  3902
236  3884
237  3933
238  3934
239  3973
240  3858
241  3926
242  3952
243  3872
244  3901
245  4054
246  3886
247  3916
248  3860
249  4016
250  3944
251  3851
252  3913
253  3892
254  3917
255  3871
Variance: 0.0099406
Mean: 1.0098
Min value: 1
Max value: 4
0  3932
1  3945
2  3984
3  3910
4  3849
5  3907
6  3969
7  3894
8  3854
9  3894
10  3864
11  3870
12  3853
13  3866
14  4025
15  4053
16  4042
17  3828
18  3983
19  3905
20  3890
21  3836
22  3889
23  3903
24  3904
25  3931
26  3934
27  3754
28  3899
29  3872
30  3918
31  3916
32  3847
33  3941
34  3926
35  3940
36  3882
37  3872
38  3882
39  3896
40  3945
41  3931
42  3882
43  3855
44  3841
45  3906
46  3777
47  3938
48  3842
49  3988
50  3882
51  3858
52  3922
53  3826
54  3845
55  3908
56  3998
57  3846
58  3968
59  3912
60  4015
61  3993
62  3901
63  3915
64  3939
65  3876
66  3928
67  3947
68  3895
69  3954
70  3852
71  3855
72  3951
73  3852
74  3837
75  3879
76  3925
77  3958
78  3954
79  3865
80  3950
81  3874
82  3921
83  3900
84  3934
85  3888
86  3898
87  3889
88  3892
89  3861
90  3906
91  3929
92  3892
93  3836
94  4005
95  3842
96  3983
97  3979
98  3928
99  3873
100  3842
101  4025
102  3846
103  3876
104  3897
105  3901
106  3845
107  3875
108  3796
109  3874
110  3836
111  3836
112  3912
113  3866
114  3966
115  3972
116  3873
117  3855
118  3921
119  3865
120  3897
121  3961
122  3894
123  3957
124  3912
125  3953
126  4029
127  3939
128  3842
129  3783
130  3972
131  3860
132  3893
133  3985
134  4158
135  3944
136  3960
137  3953
138  3938
139  3953
140  3876
141  3996
142  3878
143  3842
144  3947
145  4094
146  3866
147  3892
148  3827
149  3845
150  3825
151  3873
152  3923
153  3901
154  3869
155  3886
156  3866
157  3885
158  3973
159  3869
160  3930
161  3767
162  3909
163  4012
164  3915
165  4018
166  3860
167  3897
168  3953
169  3920
170  3925
171  3929
172  3928
173  3950
174  3854
175  4020
176  3862
177  3894
178  3891
179  3961
180  3974
181  3841
182  3851
183  3755
184  3852
185  3907
186  3825
187  3847
188  3956
189  3966
190  3874
191  3890
192  3909
193  3895
194  3900
195  3766
196  3984
197  3947
198  3834
199  4013
200  3879
201  3969
202  3906
203  3892
204  3930
205  3902
206  3856
207  3775
208  3838
209  3926
210  3830
211  3941
212  3845
213  3883
214  3998
215  3928
216  3963
217  3814
218  3921
219  3952
220  3815
221  3898
222  3917
223  3853
224  3829
225  3954
226  3942
227  3838
228  4065
229  3949
230  3953
231  3968
232  3838
233  3893
234  4042
235  3849
236  3940
237  3936
238  3998
239  3826
240  3815
241  3942
242  3937
243  3814
244  4027
245  3889
246  3951
247  3916
248  3930
249  3923
250  4026
251  3890
252  3997
253  3790
254  3782
255  3944
Variance: 0.000315
Mean: 1.0003
Min value: 1
Max value: 2
